0 2
1 3
2 3
3 3
4 3
5 3
6 3
7 3
8 3
9 3
10 5
11 5
12 5
13 5
14 5
15 5
16 6
17 6
18 7
19 8
20 8
21 8
22 8
23 9
24 9
25 10
26 10
27 10
28 10
29 10
30 10
31 11
32 15
33 15
34 16
35 16
36 17
37 19
38 20
39 24
40 26
41 28
42 30
43 32
44 35
45 36
46 37
47 38
48 38
49 39
50 40
51 44
52 47
53 49
54 54
55 56
56 56
57 57
58 58
59 61
60 65
61 69
62 72
63 72
64 75
65 80
66 85
67 87
68 90
69 90
70 91
71 94
72 96
73 99
74 103
75 112
76 114
77 119
78 125
79 131
80 136
81 140
82 141
83 146
84 147
85 150
86 152
87 153
88 156
89 157
90 157
91 157
92 160
93 166
94 172
95 175
96 179
97 181
98 184
99 189
100 195
101 200
102 205
103 213
104 216
105 217
106 222
107 227
108 231
109 236
110 239
111 245
112 250
113 255
114 259
115 263
116 271
117 271
118 274
119 274
120 279
121 286
122 288
123 293
124 304
125 309
126 311
127 315
128 321
129 334
130 338
131 343
132 346
133 349
134 353
135 361
136 363
137 367
138 375
139 377
140 379
141 383
142 383
143 383
144 383
145 385
146 389
147 392
148 392
149 398
150 405
151 412
152 419
153 424
154 426
155 428
156 430
157 436
158 439
159 444
160 447
161 450
162 455
163 460
164 465
165 473
166 478
167 483
168 483
169 493
170 501
171 508
172 516
173 526
174 532
175 538
176 545
177 552
178 558
179 563
180 570
181 572
182 574
183 579
184 588
185 593
186 602
187 612
188 614
189 618
190 625
191 636
192 640
193 642
194 652
195 657
196 657
197 662
198 670
199 676
200 683
201 685
202 686
203 687
204 689
205 700
206 709
207 711
208 716
209 721
210 725
211 732
212 733
213 739
214 746
215 753
216 761
217 766
218 777
219 784
220 793
221 796
222 800
223 804
224 811
225 816
226 822
227 830
228 841
229 848
230 852
231 854
232 860
233 867
234 875
235 887
236 894
237 903
238 906
239 918
240 926
241 933
242 942
243 945
244 947
245 950
246 963
247 976
248 989
249 993
250 999
251 1004
252 1007
253 1014
254 1022
255 1030
256 1037
257 1041
258 1045
259 1052
260 1060
261 1068
262 1081
263 1088
264 1091
265 1096
266 1103
267 1118
268 1129
269 1134
270 1141
271 1146
272 1149
273 1154
274 1164
275 1174
276 1184
277 1190
278 1193
279 1199
280 1203
281 1211
282 1215
283 1223
284 1232
285 1239
286 1244
287 1244
288 1251
289 1258
290 1268
291 1274
292 1280
293 1284
294 1289
295 1302
296 1308
297 1317
298 1326
299 1336
300 1337
301 1344
302 1358
303 1361
304 1363
305 1370
306 1384
307 1391
308 1394
309 1404
310 1413
311 1419
312 1425
313 1432
314 1434
315 1437
316 1442
317 1455
318 1461
319 1465
320 1470
321 1477
322 1487
323 1498
324 1503
325 1508
326 1516
327 1527
328 1534
329 1542
330 1551
331 1559
332 1570
333 1581
334 1587
335 1591
336 1597
337 1607
338 1615
339 1623
340 1631
341 1640
342 1644
343 1651
344 1662
345 1673
346 1682
347 1686
348 1699
349 1706
350 1709
351 1718
352 1726
353 1735
354 1743
355 1748
356 1753
357 1755
358 1766
359 1777
360 1787
361 1797
362 1803
363 1812
364 1814
365 1823
366 1827
367 1834
368 1844
369 1851
370 1858
371 1866
372 1880
373 1895
374 1901
375 1909
376 1918
377 1925
378 1930
379 1941
380 1949
381 1960
382 1972
383 1979
384 1988
385 1994
386 2005
387 2015
388 2023
389 2030
390 2042
391 2044
392 2045
393 2057
394 2070
395 2087
396 2103
397 2107
398 2109
399 2111
400 2120
401 2128
402 2139
403 2148
404 2160
405 2166
406 2172
407 2185
408 2200
409 2212
410 2221
411 2230
412 2236
413 2242
414 2251
415 2266
416 2277
417 2289
418 2298
419 2304
420 2311
421 2325
422 2344
423 2364
424 2376
425 2384
426 2390
427 2399
428 2413
429 2428
430 2439
431 2444
432 2454
433 2462
434 2468
435 2481
436 2495
437 2506
438 2522
439 2533
440 2539
441 2547
442 2562
443 2571
444 2586
445 2606
446 2622
447 2630
448 2636
449 2646
450 2653
451 2665
452 2675
453 2679
454 2685
455 2687
456 2693
457 2697
458 2707
459 2719
460 2731
461 2739
462 2744
463 2753
464 2762
465 2774
466 2784
467 2796
468 2801
469 2809
470 2819
471 2833
472 2844
473 2855
474 2865
475 2871
476 2876
477 2886
478 2902
479 2917
480 2927
481 2935
482 2942
483 2952
484 2962
485 2974
486 2980
487 2992
488 3005
489 3015
490 3022
491 3033
492 3044
493 3051
494 3065
495 3069
496 3078
497 3080
498 3092
499 3108
500 3118
501 3130
502 3137
503 3142
504 3145
505 3153
506 3163
507 3173
508 3185
509 3193
510 3199
511 3202
512 3213
513 3223
514 3233
515 3242
516 3255
517 3265
518 3275
519 3281
520 3292
521 3308
522 3321
523 3330
524 3338
525 3347
526 3366
527 3384
528 3395
529 3409
530 3425
531 3433
532 3441
533 3449
534 3455
535 3466
536 3472
537 3481
538 3494
539 3503
540 3516
541 3527
542 3539
543 3540
544 3557
545 3563
546 3568
547 3575
548 3588
549 3599
550 3604
551 3612
552 3613
553 3618
554 3627
555 3639
556 3643
557 3657
558 3674
559 3679
560 3683
561 3689
562 3700
563 3712
564 3718
565 3730
566 3732
567 3739
568 3755
569 3763
570 3769
571 3778
572 3788
573 3793
574 3802
575 3811
576 3823
577 3829
578 3841
579 3848
580 3855
581 3861
582 3870
583 3877
584 3886
585 3898
586 3913
587 3924
588 3932
589 3951
590 3962
591 3979
592 3993
593 4010
594 4016
595 4023
596 4040
597 4056
598 4073
599 4090
600 4102
601 4110
602 4112
603 4130
604 4139
605 4155
606 4164
607 4174
608 4176
609 4182
610 4187
611 4188
612 4201
613 4226
614 4246
615 4258
616 4261
617 4268
618 4279
619 4293
620 4310
621 4322
622 4328
623 4336
624 4350
625 4367
626 4381
627 4390
628 4402
629 4413
630 4416
631 4432
632 4444
633 4458
634 4471
635 4478
636 4483
637 4493
638 4502
639 4517
640 4530
641 4539
642 4552
643 4560
644 4566
645 4578
646 4584
647 4590
648 4599
649 4607
650 4613
651 4618
652 4626
653 4635
654 4651
655 4670
656 4680
657 4689
658 4696
659 4708
660 4714
661 4723
662 4729
663 4739
664 4748
665 4755
666 4773
667 4784
668 4803
669 4813
670 4824
671 4834
672 4842
673 4849
674 4856
675 4877
676 4888
677 4896
678 4902
679 4909
680 4916
681 4933
682 4946
683 4950
684 4961
685 4969
686 4981
687 4988
688 5004
689 5016
690 5027
691 5042
692 5047
693 5052
694 5069
695 5074
696 5086
697 5102
698 5119
699 5132
700 5135
701 5140
702 5154
703 5170
704 5176
705 5186
706 5189
707 5197
708 5209
709 5222
710 5234
711 5244
712 5254
713 5263
714 5268
715 5283
716 5298
717 5308
718 5316
719 5328
720 5341
721 5347
722 5358
723 5374
724 5389
725 5400
726 5412
727 5419
728 5424
729 5440
730 5450
731 5458
732 5467
733 5489
734 5494
735 5503
736 5516
737 5530
738 5545
739 5554
740 5566
741 5570
742 5580
743 5593
744 5602
745 5609
746 5620
747 5631
748 5637
749 5645
750 5664
751 5678
752 5689
753 5704
754 5718
755 5729
756 5733
757 5736
758 5749
759 5759
760 5770
761 5787
762 5789
763 5796
764 5799
765 5807
766 5810
767 5821
768 5837
769 5844
770 5849
771 5864
772 5874
773 5890
774 5908
775 5928
776 5941
777 5947
778 5966
779 5985
780 5999
781 6012
782 6021
783 6033
784 6040
785 6050
786 6065
787 6074
788 6092
789 6101
790 6108
791 6112
792 6124
793 6135
794 6149
795 6167
796 6181
797 6188
798 6199
799 6216
800 6225
801 6238
802 6254
803 6266
804 6273
805 6284
806 6302
807 6318
808 6333
809 6348
810 6353
811 6358
812 6365
813 6370
814 6377
815 6390
816 6402
817 6412
818 6419
819 6426
820 6438
821 6450
822 6463
823 6479
824 6491
825 6501
826 6504
827 6520
828 6529
829 6540
830 6556
831 6573
832 6588
833 6594
834 6609
835 6619
836 6629
837 6636
838 6648
839 6660
840 6661
841 6666
842 6673
843 6681
844 6696
845 6709
846 6715
847 6723
848 6734
849 6745
850 6761
851 6773
852 6783
853 6794
854 6802
855 6813
856 6824
857 6833
858 6844
859 6852
860 6856
861 6864
862 6878
863 6889
864 6904
865 6913
866 6926
867 6937
868 6942
869 6955
870 6958
871 6967
872 6981
873 6989
874 6995
875 6999
876 7010
877 7026
878 7040
879 7050
880 7064
881 7069
882 7078
883 7088
884 7097
885 7114
886 7128
887 7136
888 7142
889 7146
890 7155
891 7163
892 7172
893 7179
894 7186
895 7194
896 7201
897 7212
898 7226
899 7239
900 7249
901 7260
902 7265
903 7273
904 7279
905 7288
906 7301
907 7317
908 7328
909 7336
910 7344
911 7356
912 7375
913 7380
914 7390
915 7396
916 7403
917 7408
918 7422
919 7431
920 7448
921 7454
922 7466
923 7470
924 7472
925 7478
926 7483
927 7493
928 7505
929 7513
930 7524
931 7530
932 7536
933 7546
934 7559
935 7569
936 7586
937 7591
938 7597
939 7610
940 7619
941 7626
942 7635
943 7642
944 7650
945 7653
946 7660
947 7673
948 7686
949 7701
950 7712
951 7719
952 7723
953 7736
954 7740
955 7746
956 7764
957 7777
958 7783
959 7785
960 7798
961 7810
962 7819
963 7829
964 7837
965 7845
966 7847
967 7858
968 7869
969 7876
970 7888
971 7900
972 7910
973 7914
974 7927
975 7936
976 7947
977 7953
978 7965
979 7972
980 7978
981 7983
982 7989
983 8002
984 8016
985 8024
986 8031
987 8035
988 8048
989 8056
990 8067
991 8080
992 8103
993 8114
994 8116
995 8124
996 8137
997 8147
998 8168
999 8183
1000 8188
