0 55
1 383
2 3659
3 6048
4 8825
5 10078
6 10467
7 10557
8 10565
9 10566
10 10566
11 10566
12 10566
13 10566
14 10566
15 10566
16 10566
17 10566
18 10566
19 10566
20 10566
21 10566
22 10566
23 10566
24 10566
25 10566
26 10566
27 10566
28 10566
29 10566
30 10566
31 10566
32 10566
33 10566
34 10566
35 10566
36 10566
37 10566
38 10566
39 10566
40 10566
41 10566
42 10566
43 10566
44 10566
45 10566
46 10566
47 10566
48 10566
49 10566
50 10566
51 10566
52 10566
53 10566
54 10566
55 10566
56 10566
57 10566
58 10566
59 10566
60 10566
61 10566
62 10566
63 10566
64 10566
65 10566
66 10566
67 10566
68 10566
69 10566
70 10566
71 10566
72 10566
73 10566
74 10566
75 10566
76 10566
77 10566
78 10566
79 10566
80 10566
81 10566
82 10566
83 10566
84 10566
85 10566
86 10566
87 10566
88 10566
89 10566
90 10566
91 10566
92 10566
93 10566
94 10566
95 10566
96 10566
97 10566
98 10566
99 10566
100 10566
101 10566
102 10566
103 10566
104 10566
105 10566
106 10566
107 10566
108 10566
109 10566
110 10566
111 10566
112 10566
113 10566
114 10566
115 10566
116 10566
117 10566
118 10566
119 10566
120 10566
121 10566
122 10566
123 10566
124 10566
125 10566
126 10566
127 10566
128 10566
129 10566
130 10566
131 10566
132 10566
133 10566
134 10566
135 10566
136 10566
137 10566
138 10566
139 10566
140 10566
141 10566
142 10566
143 10566
144 10566
145 10566
146 10566
147 10566
148 10566
149 10566
150 10566
151 10566
152 10566
153 10566
154 10566
155 10566
156 10566
157 10566
158 10566
159 10566
160 10566
161 10566
162 10566
163 10566
164 10566
165 10566
166 10566
167 10566
168 10566
169 10566
170 10566
171 10566
172 10566
173 10566
174 10566
175 10566
176 10566
177 10566
178 10566
179 10566
180 10566
181 10566
182 10566
183 10566
184 10566
185 10566
186 10566
187 10566
188 10566
189 10566
190 10566
191 10566
192 10566
193 10566
194 10566
195 10566
196 10566
197 10566
198 10566
199 10566
200 10566
201 10566
202 10566
203 10566
204 10566
205 10566
206 10566
207 10566
208 10566
209 10566
210 10566
211 10566
212 10566
213 10566
214 10566
215 10566
216 10566
217 10566
218 10566
219 10566
220 10566
221 10566
222 10566
223 10566
224 10566
225 10566
226 10566
227 10566
228 10566
229 10566
230 10566
231 10566
232 10566
233 10566
234 10566
235 10566
236 10566
237 10566
238 10566
239 10566
240 10566
241 10566
242 10566
243 10566
244 10566
245 10566
246 10566
247 10566
248 10566
249 10566
250 10566
251 10566
252 10566
253 10566
254 10566
255 10566
256 10566
257 10566
258 10566
259 10566
260 10566
261 10566
262 10566
263 10566
264 10566
265 10566
266 10566
267 10566
268 10566
269 10566
270 10566
271 10566
272 10566
273 10566
274 10566
275 10566
276 10566
277 10566
278 10566
279 10566
280 10566
281 10566
282 10566
283 10566
284 10566
285 10566
286 10566
287 10566
288 10566
289 10566
290 10566
291 10566
292 10566
293 10566
294 10566
295 10566
296 10566
297 10566
298 10566
299 10566
300 10566
301 10566
302 10566
303 10566
304 10566
305 10566
306 10566
307 10566
308 10566
309 10566
310 10566
311 10566
312 10566
313 10566
314 10566
315 10566
316 10566
317 10566
318 10566
319 10566
320 10566
321 10566
322 10566
323 10566
324 10566
325 10566
326 10566
327 10566
328 10566
329 10566
330 10566
331 10566
332 10566
333 10566
334 10566
335 10566
336 10566
337 10566
338 10566
339 10566
340 10566
341 10566
342 10566
343 10566
344 10566
345 10566
346 10566
347 10566
348 10566
349 10566
350 10566
351 10566
352 10566
353 10566
354 10566
355 10566
356 10566
357 10566
358 10566
359 10566
360 10566
361 10566
362 10566
363 10566
364 10566
365 10566
366 10566
367 10566
368 10566
369 10566
370 10566
371 10566
372 10566
373 10566
374 10566
375 10566
376 10566
377 10566
378 10566
379 10566
380 10566
381 10566
382 10566
383 10566
384 10566
385 10566
386 10566
387 10566
388 10566
389 10566
390 10566
391 10566
392 10566
393 10566
394 10566
395 10566
396 10566
397 10566
398 10566
399 10566
400 10566
401 10566
402 10566
403 10566
404 10566
405 10566
406 10566
407 10566
408 10566
409 10566
410 10566
411 10566
412 10566
413 10566
414 10566
415 10566
416 10566
417 10566
418 10566
419 10566
420 10566
421 10566
422 10566
423 10566
424 10566
425 10566
426 10566
427 10566
428 10566
429 10566
430 10566
431 10566
432 10566
433 10566
434 10566
435 10566
436 10566
437 10566
438 10566
439 10566
440 10566
441 10566
442 10566
443 10566
444 10566
445 10566
446 10566
447 10566
448 10566
449 10566
450 10566
451 10566
452 10566
453 10566
454 10566
455 10566
456 10566
457 10566
458 10566
459 10566
460 10566
461 10566
462 10566
463 10566
464 10566
465 10566
466 10566
467 10566
468 10566
469 10566
470 10566
471 10566
472 10566
473 10566
474 10566
475 10566
476 10566
477 10566
478 10566
479 10566
480 10566
481 10566
482 10566
483 10566
484 10566
485 10566
486 10566
487 10566
488 10566
489 10566
490 10566
491 10566
492 10566
493 10566
494 10566
495 10566
496 10566
497 10566
498 10566
499 10566
500 10566
501 10566
502 10566
503 10566
504 10566
505 10566
506 10566
507 10566
508 10566
509 10566
510 10566
511 10566
512 10566
513 10566
514 10566
515 10566
516 10566
517 10566
518 10566
519 10566
520 10566
521 10566
522 10566
523 10566
524 10566
525 10566
526 10566
527 10566
528 10566
529 10566
530 10566
531 10566
532 10566
533 10566
534 10566
535 10566
536 10566
537 10566
538 10566
539 10566
540 10566
541 10566
542 10566
543 10566
544 10566
545 10566
546 10566
547 10566
548 10566
549 10566
550 10566
551 10566
552 10566
553 10566
554 10566
555 10566
556 10566
557 10566
558 10566
559 10566
560 10566
561 10566
562 10566
563 10566
564 10566
565 10566
566 10566
567 10566
568 10566
569 10566
570 10566
571 10566
572 10566
573 10566
574 10566
575 10566
576 10566
577 10566
578 10566
579 10566
580 10566
581 10566
582 10566
583 10566
584 10566
585 10566
586 10566
587 10566
588 10566
589 10566
590 10566
591 10566
592 10566
593 10566
594 10566
595 10566
596 10566
597 10566
598 10566
599 10566
600 10566
601 10566
602 10566
603 10566
604 10566
605 10566
606 10566
607 10566
608 10566
609 10566
610 10566
611 10566
612 10566
613 10566
614 10566
615 10566
616 10566
617 10566
618 10566
619 10566
620 10566
621 10566
622 10566
623 10566
624 10566
625 10566
626 10566
627 10566
628 10566
629 10566
630 10566
631 10566
632 10566
633 10566
634 10566
635 10566
636 10566
637 10566
638 10566
639 10566
640 10566
641 10566
642 10566
643 10566
644 10566
645 10566
646 10566
647 10566
648 10566
649 10566
650 10566
651 10566
652 10566
653 10566
654 10566
655 10566
656 10566
657 10566
658 10566
659 10566
660 10566
661 10566
662 10566
663 10566
664 10566
665 10566
666 10566
667 10566
668 10566
669 10566
670 10566
671 10566
672 10566
673 10566
674 10566
675 10566
676 10566
677 10566
678 10566
679 10566
680 10566
681 10566
682 10566
683 10566
684 10566
685 10566
686 10566
687 10566
688 10566
689 10566
690 10566
691 10566
692 10566
693 10566
694 10566
695 10566
696 10566
697 10566
698 10566
699 10566
700 10566
701 10566
702 10566
703 10566
704 10566
705 10566
706 10566
707 10566
708 10566
709 10566
710 10566
711 10566
712 10566
713 10566
714 10566
715 10566
716 10566
717 10566
718 10566
719 10566
720 10566
721 10566
722 10566
723 10566
724 10566
725 10566
726 10566
727 10566
728 10566
729 10566
730 10566
731 10566
732 10566
733 10566
734 10566
735 10566
736 10566
737 10566
738 10566
739 10566
740 10566
741 10566
742 10566
743 10566
744 10566
745 10566
746 10566
747 10566
748 10566
749 10566
750 10566
751 10566
752 10566
753 10566
754 10566
755 10566
756 10566
757 10566
758 10566
759 10566
760 10566
761 10566
762 10566
763 10566
764 10566
765 10566
766 10566
767 10566
768 10566
769 10566
770 10566
771 10566
772 10566
773 10566
774 10566
775 10566
776 10566
777 10566
778 10566
779 10566
780 10566
781 10566
782 10566
783 10566
784 10566
785 10566
786 10566
787 10566
788 10566
789 10566
790 10566
791 10566
792 10566
793 10566
794 10566
795 10566
796 10566
797 10566
798 10566
799 10566
800 10566
801 10566
802 10566
803 10566
804 10566
805 10566
806 10566
807 10566
808 10566
809 10566
810 10566
811 10566
812 10566
813 10566
814 10566
815 10566
816 10566
817 10566
818 10566
819 10566
820 10566
821 10566
822 10566
823 10566
824 10566
825 10566
826 10566
827 10566
828 10566
829 10566
830 10566
831 10566
832 10566
833 10566
834 10566
835 10566
836 10566
837 10566
838 10566
839 10566
840 10566
841 10566
842 10566
843 10566
844 10566
845 10566
846 10566
847 10566
848 10566
849 10566
850 10566
851 10566
852 10566
853 10566
854 10566
855 10566
856 10566
857 10566
858 10566
859 10566
860 10566
861 10566
862 10566
863 10566
864 10566
865 10566
866 10566
867 10566
868 10566
869 10566
870 10566
871 10566
872 10566
873 10566
874 10566
875 10566
876 10566
877 10566
878 10566
879 10566
880 10566
881 10566
882 10566
883 10566
884 10566
885 10566
886 10566
887 10566
888 10566
889 10566
890 10566
891 10566
892 10566
893 10566
894 10566
895 10566
896 10566
897 10566
898 10566
899 10566
900 10566
901 10566
902 10566
903 10566
904 10566
905 10566
906 10566
907 10566
908 10566
909 10566
910 10566
911 10566
912 10566
913 10566
914 10566
915 10566
916 10566
917 10566
918 10566
919 10566
920 10566
921 10566
922 10566
923 10566
924 10566
925 10566
926 10566
927 10566
928 10566
929 10566
930 10566
931 10566
932 10566
933 10566
934 10566
935 10566
936 10566
937 10566
938 10566
939 10566
940 10566
941 10566
942 10566
943 10566
944 10566
945 10566
946 10566
947 10566
948 10566
949 10566
950 10566
951 10566
952 10566
953 10566
954 10566
955 10566
956 10566
957 10566
958 10566
959 10566
960 10566
961 10566
962 10566
963 10566
964 10566
965 10566
966 10566
967 10566
968 10566
969 10566
970 10566
971 10566
972 10566
973 10566
974 10566
975 10566
976 10566
977 10566
978 10566
979 10566
980 10566
981 10566
982 10566
983 10566
984 10566
985 10566
986 10566
987 10566
988 10566
989 10566
990 10566
991 10566
992 10566
993 10566
994 10566
995 10566
996 10566
997 10566
998 10566
999 10566
